81
148
216
40
216
130
148
35
2
0
74
148
108
62
127
47
83
166
57
34
173
91
38
231
34
43
211
85
60
164
38
225
43
48
94
122
209
58
84
46
188
122
160
99
225
153
189
241
94
130
93
228
125
232
88
78
91
74
27
161
107
74
195
51
75
38
38
219
121
228
94
122
209
58
84
46
188
122
160
99
225
153
189
241
94
130
93
228
125
232
88
78
91
74
27
161
107
74
195
51
75
38
38
219
121
228
43
149
73
83
206
43
46
73
249
43
174
156
108
153
39
153
200
38
58
58
218
173
188
83
231
121
73
178
189
189
125
178
229
196
218
137
136
43
149
73
83
206
43
46
73
249
43
174
156
108
153
39
153
200
38
58
58
218
173
188
83
231
121
73
178
189
189
125
178
229
196
218
137
136
231
122
128
237
185
202
92
107
184
108
249
43
189
98
35
209
185
151
190
26
16
188
44
133
64
90
136
99
29
89
199
200
97
149
74
61
25
51
223
231
122
128
237
185
202
92
107
184
108
249
43
189
98
35
209
185
151
190
26
16
188
44
133
64
90
136
99
29
89
199
200
97
149
74
61
25
51
223
16
121
122
34
35
86
217
185
226
43
74
147
24
202
234
21
83
125
161
35
43
242
188
219
47
226
107
71
208
190
136
224
61
78
38
184
103
228
156
28
45
123
45
28
221
75
101
84
206
16
121
122
34
35
86
217
185
226
43
74
147
24
202
234
21
83
125
161
35
43
242
188
219
47
226
107
71
208
190
136
224
61
78
38
184
103
228
156
28
45
123
45
28
221
75
101
84
206
34
233
190
189
140
78
221
161
217
38
58
2
144
163
137
209
175
65
250
226
53
122
29
196
128
228
24
172
189
89
185
161
121
25
166
166
36
44
46
